0 4 10 23 33 1 
1 25 31 0 29 26 
2 1 33 26 3 6 
3 4 12 24 31 7 
4 28 15 33 6 24 
5 8 25 20 26 27 
6 18 19 8 11 0 
7 14 18 20 33 5 
8 10 5 7 2 13 
9 26 32 21 1 7 
10 5 6 22 13 15 
11 0 27 2 13 1 
12 17 29 32 18 33 
13 29 21 19 30 3 
14 12 3 32 10 13 
15 32 21 18 0 14 
16 0 22 31 28 2 
17 14 32 28 33 27 
18 16 5 8 19 32 
19 11 0 15 26 18 
20 8 27 2 1 0 
21 27 25 11 3 24 
22 26 23 31 17 7 
23 21 29 26 27 19 
24 18 33 28 4 13 
25 6 11 33 18 32 
26 13 33 11 0 19 
27 29 4 7 23 0 
28 31 23 0 9 10 
29 24 14 27 23 31 
30 11 20 25 2 8 
31 0 32 22 33 26 
32 15 17 0 24 9 
33 31 0 29 1 21 
0 4 10 5 33 9 
1 20 31 30 33 18 
2 19 14 33 31 17 
3 25 23 33 4 18 
4 5 10 21 31 2 
5 2 32 15 3 20 
6 11 13 3 10 5 
7 1 20 24 12 18 
8 21 6 29 22 16 
9 33 5 10 15 32 
10 18 12 33 32 20 
11 15 33 13 3 0 
12 31 30 8 6 7 
13 0 24 5 19 29 
14 31 33 23 7 2 
15 2 18 4 28 10 
16 6 7 4 2 30 
17 3 2 26 31 18 
18 33 1 2 5 8 
19 33 26 29 23 32 
20 17 25 22 28 0 
21 27 23 29 3 13 
22 19 12 5 15 8 
23 5 4 24 19 30 
24 0 2 13 33 31 
25 19 13 3 14 27 
26 33 32 10 12 0 
27 26 7 21 30 14 
28 2 21 12 24 27 
29 24 3 6 16 18 
30 32 14 25 2 21 
31 8 30 32 21 6 
32 21 4 33 28 5 
33 0 32 29 27 17 
0 2 9 5 8 17 
1 27 30 19 23 22 
2 28 6 0 30 24 
3 6 4 32 5 9 
4 17 33 10 15 23 
5 13 8 32 30 1 
6 17 20 25 18 33 
7 0 22 15 1 33 
8 2 25 11 1 17 
9 32 30 8 2 4 
10 3 11 5 26 27 
11 13 23 33 14 32 
12 1 16 23 29 15 
13 26 33 19 23 25 
14 11 27 25 19 3 
15 30 3 5 12 32 
16 19 12 3 30 6 
17 23 1 31 15 3 
18 24 33 8 30 32 
19 0 1 32 13 3 
20 4 28 1 12 0 
21 29 15 3 20 11 
22 33 24 31 29 5 
23 31 16 6 26 32 
24 19 0 9 27 2 
25 9 8 2 11 12 
26 25 22 30 33 32 
27 29 4 32 16 22 
28 2 19 16 33 5 
29 12 3 7 0 11 
30 27 9 2 26 33 
31 18 33 17 10 5 
32 20 16 6 8 14 
33 27 4 3 6 5 
0 7 2 26 29 23 
1 7 31 23 15 21 
2 19 15 29 33 13 
3 19 1 30 11 21 
4 11 14 21 28 0 
5 28 3 30 27 16 
6 0 8 20 32 22 
7 21 1 31 17 6 
8 32 30 11 33 22 
9 10 30 33 22 32 
10 1 30 16 24 3 
11 9 2 23 27 19 
12 33 11 13 4 20 
13 21 2 25 24 27 
14 5 22 12 26 17 
15 19 32 31 16 5 
16 4 10 22 32 9 
17 33 9 4 32 30 
18 31 14 6 4 13 
19 29 9 21 30 18 
20 15 32 6 23 22 
21 27 9 2 10 4 
22 11 10 0 19 33 
23 33 13 9 12 1 
24 31 25 1 30 22 
25 6 4 10 12 16 
26 30 14 33 29 5 
27 2 18 32 14 33 
28 8 32 13 23 19 
29 0 3 13 19 16 
30 31 16 33 28 13 
31 32 3 24 8 4 
32 28 31 33 13 23 
33 6 5 21 30 0 
0 26 33 13 4 6 
1 5 22 26 29 32 
2 3 4 19 13 23 
3 23 24 31 29 5 
4 31 18 9 11 20 
5 12 3 16 22 15 
6 0 17 1 19 15 
7 10 3 0 6 23 
8 28 22 16 20 9 
9 2 12 15 14 13 
10 0 4 26 2 15 
11 25 14 3 0 15 
12 13 7 20 6 25 
13 10 17 28 19 14 
14 6 13 17 4 10 
15 10 9 6 5 3 
16 32 29 5 10 4 
17 0 26 33 20 21 
18 25 24 0 29 30 
19 30 9 33 5 24 
20 23 29 33 10 1 
21 11 31 14 32 8 
22 16 28 2 23 26 
23 9 21 10 15 32 
24 31 22 27 32 15 
25 21 1 32 20 19 
26 19 28 24 1 15 
27 4 16 26 3 1 
28 33 21 9 25 32 
29 21 15 33 31 10 
30 8 9 4 6 23 
31 7 9 21 1 4 
32 13 10 21 29 4 
33 9 25 26 2 24 
0 2 18 5 1 19 
1 27 20 24 16 4 
2 27 15 5 22 10 
3 14 1 4 0 18 
4 10 33 17 1 0 
5 7 12 19 26 25 
6 31 25 16 33 15 
7 9 12 0 1 18 
8 11 31 23 0 10 
9 2 11 5 23 20 
10 18 32 21 0 25 
11 0 21 25 1 22 
12 32 23 14 28 2 
13 10 19 29 26 8 
14 23 17 2 3 20 
15 18 8 25 27 0 
16 6 0 23 31 25 
17 25 9 27 0 1 
18 33 25 16 8 32 
19 12 9 33 28 10 
20 13 22 32 14 33 
21 15 17 27 19 0 
22 32 10 29 26 15 
23 9 2 18 29 19 
24 4 12 3 1 27 
25 29 12 3 1 23 
26 24 22 33 7 1 
27 2 9 31 10 4 
28 19 17 25 21 24 
29 32 24 3 7 20 
30 32 16 6 27 25 
31 13 28 17 16 30 
32 26 15 4 19 18 
33 26 12 6 23 8 
0 13 3 5 6 22 
1 20 8 31 6 16 
2 16 12 3 1 11 
3 13 27 9 2 29 
4 10 22 25 27 32 
5 12 0 28 24 25 
6 3 10 20 12 5 
7 9 2 32 28 21 
8 6 19 28 13 33 
9 33 29 32 24 2 
10 30 8 33 13 2 
11 10 5 17 30 12 
12 28 1 32 10 3 
13 33 1 0 3 20 
14 33 2 6 16 31 
15 17 24 25 29 3 
16 6 4 10 14 33 
17 1 7 2 4 11 
18 15 6 5 12 14 
19 12 31 25 32 13 
20 30 27 26 0 17 
21 1 3 24 31 4 
22 25 13 32 2 19 
23 26 4 21 31 0 
24 25 14 12 1 5 
25 13 2 26 15 1 
26 7 1 4 9 18 
27 10 0 5 30 28 
28 8 14 33 18 16 
29 33 1 13 20 3 
30 1 15 8 20 11 
31 27 22 11 23 33 
32 11 21 0 8 30 
33 19 13 8 6 9 
0 27 10 8 28 12 
1 15 2 24 27 7 
2 4 29 23 3 6 
3 13 7 32 22 21 
4 27 22 1 33 31 
5 33 12 19 29 0 
6 31 32 20 10 29 
7 20 15 33 9 10 
8 4 14 26 13 21 
9 8 7 23 25 32 
10 19 17 7 28 31 
11 5 4 13 1 14 
12 31 33 28 6 29 
13 6 31 30 33 8 
14 32 25 21 24 28 
15 17 24 14 28 11 
16 3 12 10 5 22 
17 2 20 33 4 32 
18 8 12 0 10 33 
19 18 5 6 12 2 
20 32 6 17 31 22 
21 8 24 5 17 13 
22 33 7 32 30 11 
23 1 20 32 28 8 
24 16 22 19 29 23 
25 23 12 15 32 20 
26 9 33 14 22 24 
27 13 3 15 21 19 
28 32 29 1 6 9 
29 32 25 19 2 28 
30 21 0 22 29 9 
31 7 28 29 19 32 
32 23 16 5 25 2 
33 10 2 32 8 28 
0 6 4 18 32 23 
1 21 13 32 17 33 
2 3 23 26 13 7 
3 19 30 20 12 27 
4 30 14 26 13 33 
5 13 1 6 32 31 
6 33 8 16 1 14 
7 1 16 13 25 2 
8 20 15 33 18 29 
9 29 20 11 0 12 
10 0 4 8 12 3 
11 29 17 9 23 25 
12 0 2 22 4 23 
13 27 9 12 23 25 
14 7 1 22 32 23 
15 9 17 27 18 3 
16 24 25 3 32 26 
17 31 1 5 29 4 
18 3 5 13 0 25 
19 4 15 22 32 2 
20 22 13 28 0 1 
21 5 11 23 8 6 
22 18 16 19 11 0 
23 27 30 2 21 4 
24 29 33 19 15 32 
25 4 8 33 2 3 
26 32 24 9 21 19 
27 33 30 10 9 18 
28 0 1 33 18 2 
29 17 0 7 19 30 
30 17 29 23 27 4 
31 26 29 23 27 32 
32 12 21 15 8 33 
33 20 5 11 0 8 
0 5 7 22 21 1 
1 7 3 14 2 20 
2 13 25 7 16 32 
3 1 18 22 16 6 
4 27 0 29 3 13 
5 4 17 19 25 1 
6 4 0 2 22 19 
7 0 12 3 13 22 
8 0 18 4 29 33 
9 15 19 0 12 24 
10 0 7 3 9 13 
11 2 24 25 32 4 
12 24 31 0 16 23 
13 3 28 22 32 29 
14 11 0 21 32 22 
15 32 9 33 3 6 
16 5 6 18 33 9 
17 1 22 32 29 10 
18 17 30 0 2 26 
19 10 26 12 13 3 
20 25 3 1 18 13 
21 18 33 22 26 29 
22 26 20 0 32 8 
23 33 14 27 24 6 
24 0 33 32 2 1 
25 24 0 23 2 27 
26 29 15 22 7 23 
27 3 0 29 19 23 
28 13 18 19 8 1 
29 26 18 32 22 1 
30 0 20 15 33 16 
31 28 13 11 0 1 
32 3 12 33 30 1 
33 32 9 13 19 0 
0 3 1 2 28 18 
1 2 28 22 26 33 
2 11 31 24 20 16 
3 21 11 0 5 31 
4 29 25 10 0 15 
5 1 23 20 33 22 
6 0 9 29 27 4 
7 1 27 30 33 16 
8 32 22 29 21 1 
9 12 1 21 0 15 
10 0 9 7 32 20 
11 0 21 29 33 19 
12 14 17 5 22 33 
13 17 28 33 18 32 
14 32 24 27 23 25 
15 29 25 21 19 33 
16 21 8 18 25 24 
17 21 7 24 27 0 
18 20 33 24 6 0 
19 6 22 12 14 15 
20 33 0 22 3 8 
21 28 12 6 4 5 
22 33 27 13 0 14 
23 4 28 33 19 30 
24 25 23 21 20 32 
25 16 7 28 21 20 
26 19 11 6 28 27 
27 23 32 5 29 20 
28 11 2 24 17 1 
29 21 1 26 33 3 
30 20 33 19 9 7 
31 23 33 15 32 8 
32 14 31 12 22 13 
33 8 3 23 24 4 
0 6 29 5 28 1 
1 30 6 7 24 5 
2 14 20 11 0 25 
3 29 7 4 20 2 
4 6 15 13 17 22 
5 0 4 9 8 24 
6 14 8 12 30 19 
7 3 14 9 0 27 
8 31 25 23 0 33 
9 32 2 25 28 1 
10 22 29 32 14 33 
11 0 2 9 23 32 
12 6 3 27 2 18 
13 21 12 0 16 15 
14 30 5 23 9 18 
15 3 31 20 17 32 
16 4 17 1 23 29 
17 14 30 1 2 19 
18 33 28 20 32 25 
19 14 33 30 5 23 
20 24 12 28 27 21 
21 0 20 10 24 27 
22 3 10 25 32 8 
23 5 19 11 24 25 
24 3 2 28 5 16 
25 27 32 26 29 33 
26 17 24 4 31 29 
27 25 24 31 28 2 
28 23 27 2 3 7 
29 15 32 9 2 27 
30 5 16 8 6 0 
31 13 1 10 21 14 
32 1 5 14 10 0 
33 15 3 27 17 19 
0 18 25 24 30 19 
1 3 15 21 0 28 
2 1 16 31 10 4 
3 2 28 19 1 31 
4 27 20 25 13 30 
5 10 16 17 28 33 
6 16 31 24 12 7 
7 14 29 32 2 10 
8 16 33 1 7 3 
9 10 32 3 30 5 
10 18 33 30 8 24 
11 28 23 10 29 24 
12 32 25 23 20 28 
13 5 0 7 33 19 
14 33 6 5 23 27 
15 33 0 25 9 18 
16 7 25 9 33 3 
17 0 13 2 27 15 
18 11 8 28 7 0 
19 26 29 10 11 17 
20 3 29 26 17 16 
21 25 33 29 0 31 
22 8 1 18 26 0 
23 32 33 5 30 1 
24 31 11 19 29 22 
25 26 3 0 16 15 
26 16 2 7 21 29 
27 1 30 22 31 28 
28 2 16 6 26 0 
29 12 5 24 6 0 
30 17 0 4 28 33 
31 32 29 21 1 13 
32 10 11 1 33 17 
33 3 28 31 24 27 
0 7 1 3 33 2 
1 19 11 22 20 27 
2 3 1 15 26 5 
3 18 6 28 19 33 
4 15 24 22 12 19 
5 31 29 15 14 13 
6 5 12 1 0 33 
7 8 9 30 28 13 
8 33 14 32 10 5 
9 2 3 29 28 11 
10 24 23 12 15 33 
11 12 0 5 26 9 
12 2 8 30 17 20 
13 1 33 14 32 22 
14 1 25 15 33 31 
15 11 13 22 33 12 
16 10 4 6 0 23 
17 1 8 16 10 5 
18 30 2 23 1 7 
19 15 32 18 8 31 
20 33 26 29 23 0 
21 33 19 1 0 23 
22 21 32 31 9 24 
23 8 28 11 9 7 
24 14 32 0 3 7 
25 1 27 7 5 22 
26 9 2 22 32 12 
27 33 21 16 26 29 
28 23 31 24 15 32 
29 26 18 23 33 14 
30 31 24 19 33 4 
31 4 22 21 1 2 
32 21 20 8 27 33 
33 20 13 16 24 27 
0 24 12 20 32 26 
1 32 2 10 5 22 
2 32 27 33 5 8 
3 8 14 31 23 27 
4 27 17 24 25 31 
5 0 21 12 26 1 
6 29 11 25 21 30 
7 4 22 18 30 9 
8 19 1 15 20 23 
9 5 6 32 4 24 
10 3 15 9 31 4 
11 25 32 8 31 33 
12 15 33 6 0 10 
13 9 28 7 29 2 
14 0 28 31 20 6 
15 10 13 23 27 16 
16 7 0 24 3 28 
17 0 16 2 28 8 
18 3 14 29 1 22 
19 27 7 13 9 17 
20 18 22 33 16 9 
21 2 23 11 16 17 
22 2 0 7 3 15 
23 22 19 26 14 20 
24 13 9 7 26 12 
25 10 5 6 7 20 
26 19 1 20 11 4 
27 24 21 0 18 22 
28 20 27 2 19 1 
29 23 26 31 0 27 
30 33 31 6 14 1 
31 14 25 23 29 6 
32 18 33 1 4 6 
33 32 19 1 17 12 
0 8 24 1 13 20 
1 2 27 9 18 10 
2 16 6 5 10 31 
3 2 5 0 1 32 
4 13 2 15 1 8 
5 24 6 4 10 28 
6 26 1 9 33 11 
7 10 19 33 27 24 
8 28 9 27 30 12 
9 18 7 33 12 14 
10 2 13 28 15 33 
11 0 24 13 17 22 
12 6 21 3 32 5 
13 2 0 14 6 9 
14 27 21 13 32 12 
15 33 4 2 29 1 
16 14 4 12 3 7 
17 26 23 24 9 10 
18 11 0 19 7 21 
19 17 0 29 33 20 
20 32 29 7 11 0 
21 8 22 19 0 28 
22 24 3 8 33 10 
23 32 12 17 10 5 
24 12 0 17 5 21 
25 7 24 5 14 6 
26 29 2 27 33 28 
27 14 8 17 3 20 
28 33 30 22 29 2 
29 27 33 18 32 22 
30 8 28 5 6 22 
31 28 19 9 2 24 
32 17 3 6 29 13 
33 31 16 7 13 30 
0 17 1 31 2 30 
1 11 14 24 31 33 
2 1 30 8 21 0 
3 24 25 6 4 22 
4 10 13 3 8 16 
5 30 24 1 22 8 
6 29 23 27 33 28 
7 24 13 20 33 31 
8 19 30 33 26 27 
9 1 0 8 33 23 
10 32 22 9 3 19 
11 4 10 20 19 14 
12 17 0 3 1 24 
13 19 0 30 15 32 
14 20 31 0 9 15 
15 7 21 0 10 6 
16 18 21 7 2 5 
17 18 6 14 13 33 
18 1 7 6 11 10 
19 6 22 12 4 23 
20 1 29 33 23 7 
21 19 31 11 0 30 
22 31 4 11 1 15 
23 21 1 31 27 13 
24 20 25 31 32 22 
25 29 0 14 19 27 
26 7 2 9 28 31 
27 24 4 1 2 15 
28 19 9 2 23 13 
29 9 25 23 13 7 
30 22 4 3 14 17 
31 16 4 23 10 5 
32 16 26 23 12 4 
33 8 17 0 16 5 
0 31 1 16 13 23 
1 6 32 33 31 24 
2 13 25 12 33 14 
3 13 23 11 29 14 
4 10 9 33 2 20 
5 25 21 1 26 6 
6 0 25 26 9 23 
7 0 13 5 15 3 
8 21 0 32 3 28 
9 3 28 26 16 14 
10 4 22 16 33 28 
11 10 32 15 33 25 
12 2 32 23 33 16 
13 19 33 5 8 0 
14 28 30 1 21 26 
15 10 5 4 11 23 
16 30 22 0 23 25 
17 16 28 4 18 33 
18 33 2 25 8 10 
19 33 5 14 11 6 
20 0 9 2 7 17 
21 1 12 0 13 22 
22 32 20 30 33 25 
23 13 2 29 26 31 
24 14 11 0 15 2 
25 17 11 14 33 16 
26 6 29 32 5 24 
27 16 6 2 23 3 
28 33 4 3 25 11 
29 23 32 22 0 19 
30 33 31 28 1 9 
31 18 14 32 26 12 
32 2 27 24 21 28 
33 26 11 23 25 20 
0 15 18 20 10 8 
1 32 0 10 14 21 
2 33 0 19 12 7 
3 1 13 28 31 17 
4 5 16 32 25 24 
5 16 6 28 14 33 
6 29 23 21 13 32 
7 10 17 0 18 21 
8 0 31 28 5 16 
9 0 13 7 16 22 
10 33 27 4 0 9 
11 27 2 18 26 30 
12 2 10 1 4 26 
13 33 9 30 16 12 
14 25 30 29 7 22 
15 22 1 26 23 19 
16 13 7 11 12 32 
17 16 5 13 27 10 
18 14 8 11 28 33 
19 11 4 0 21 27 
20 32 0 33 28 9 
21 6 25 24 31 3 
22 12 18 20 21 13 
23 27 26 20 28 4 
24 25 23 27 18 4 
25 23 27 20 32 11 
26 33 9 18 0 2 
27 11 16 13 0 29 
28 2 31 27 5 13 
29 26 33 32 8 2 
30 8 23 32 33 20 
31 29 32 19 2 14 
32 25 6 7 4 10 
33 9 32 31 5 1 
0 31 25 2 26 24 
1 14 30 11 0 27 
2 5 8 13 6 16 
3 1 0 20 29 14 
4 19 28 13 6 27 
5 21 2 0 1 30 
6 12 10 22 24 27 
7 5 29 19 2 3 
8 1 29 12 10 20 
9 26 8 1 23 3 
10 30 0 31 29 26 
11 1 6 23 24 15 
12 22 16 6 0 9 
13 4 15 12 14 8 
14 32 3 2 31 18 
15 28 2 3 18 6 
16 13 2 11 15 1 
17 33 31 8 2 29 
18 12 9 2 1 33 
19 18 5 32 1 0 
20 33 16 31 25 29 
21 15 31 32 33 30 
22 21 6 28 9 14 
23 25 29 22 32 30 
24 25 17 1 5 2 
25 7 3 4 32 1 
26 14 2 33 3 6 
27 17 1 2 22 33 
28 16 5 8 30 1 
29 26 30 8 12 0 
30 15 32 8 27 23 
31 6 22 20 33 23 
32 21 26 1 27 23 
33 24 25 2 4 18 
0 15 32 28 30 20 
1 12 25 23 29 33 
2 27 8 32 18 15 
3 29 12 4 31 25 
4 11 5 20 0 3 
5 16 14 32 20 33 
6 15 33 30 1 5 
7 28 30 33 27 23 
8 23 16 28 31 21 
9 13 18 23 22 33 
10 26 14 28 8 2 
11 0 19 29 32 8 
12 17 30 2 21 16 
13 24 5 19 20 30 
14 16 2 17 13 29 
15 32 22 25 2 1 
16 33 23 32 24 30 
17 4 30 32 25 28 
18 6 4 10 28 33 
19 3 27 26 11 0 
20 3 33 30 8 28 
21 29 30 33 11 13 
22 0 25 27 6 10 
23 26 29 21 31 15 
24 16 21 2 14 33 
25 5 11 28 33 20 
26 8 6 28 10 23 
27 2 32 30 10 23 
28 33 31 9 5 6 
29 32 30 0 3 27 
30 23 27 16 9 33 
31 10 32 22 29 19 
32 2 13 4 27 33 
33 10 0 12 29 11 
0 6 33 27 9 26 
1 24 29 30 0 33 
2 21 33 24 4 1 
3 6 16 28 9 4 
4 32 14 5 7 19 
5 13 0 32 29 24 
6 18 21 25 29 5 
7 13 33 0 12 30 
8 2 24 30 1 17 
9 12 1 26 33 14 
10 15 24 3 14 13 
11 30 1 4 10 23 
12 15 32 33 23 25 
13 21 0 6 32 24 
14 32 22 18 1 27 
15 10 31 33 11 32 
16 6 24 17 4 9 
17 2 13 8 5 23 
18 32 23 14 25 1 
19 23 6 9 0 8 
20 9 6 0 4 5 
21 0 16 5 18 12 
22 21 0 23 33 25 
23 13 20 22 33 19 
24 17 18 33 29 23 
25 3 12 16 14 4 
26 5 28 7 13 33 
27 12 3 33 21 2 
28 29 26 8 23 19 
29 18 6 27 12 4 
30 28 4 18 31 25 
31 11 21 23 25 33 
32 15 33 0 31 14 
33 20 15 3 9 24 
0 7 2 27 16 6 
1 30 31 3 11 0 
2 18 20 26 3 7 
3 28 17 5 11 25 
4 26 27 13 31 29 
5 6 0 22 28 13 
6 16 24 31 33 4 
7 0 6 4 26 20 
8 1 19 25 24 23 
9 13 32 6 4 10 
10 22 12 20 6 13 
11 0 14 30 23 29 
12 31 25 10 6 2 
13 3 14 18 22 10 
14 25 23 10 3 2 
15 33 32 5 0 17 
16 29 26 14 7 19 
17 24 29 32 20 14 
18 10 26 29 11 25 
19 15 4 0 23 26 
20 32 2 28 31 6 
21 33 14 2 31 13 
22 32 26 21 2 0 
23 6 31 28 16 20 
24 20 17 11 4 6 
25 23 15 6 20 16 
26 9 2 29 32 6 
27 30 7 3 1 21 
28 33 0 31 5 18 
29 23 13 32 0 14 
30 22 26 33 6 5 
31 6 4 17 22 30 
32 33 21 4 10 30 
33 26 24 29 30 1 
0 21 6 5 17 14 
1 2 6 8 28 10 
2 7 31 8 12 5 
3 1 6 18 13 2 
4 16 33 31 7 0 
5 4 28 31 24 29 
6 18 32 15 33 20 
7 19 1 12 20 4 
8 16 14 25 18 0 
9 30 17 13 25 18 
10 5 0 13 2 3 
11 25 16 5 29 19 
12 11 10 20 26 33 
13 32 5 14 33 22 
14 19 0 12 9 5 
15 5 0 25 23 30 
16 5 8 17 1 23 
17 24 0 15 29 16 
18 28 5 10 27 30 
19 24 23 6 5 21 
20 28 2 17 3 1 
21 19 31 4 6 15 
22 32 25 7 33 23 
23 1 19 30 8 18 
24 25 23 27 32 17 
25 23 15 2 32 11 
26 29 4 27 14 32 
27 23 24 25 5 18 
28 5 10 15 20 33 
29 32 31 17 8 2 
30 26 17 0 5 1 
31 24 3 26 33 29 
32 11 4 9 18 1 
33 24 10 1 23 11 
0 26 29 32 19 21 
1 7 3 5 16 9 
2 16 5 6 29 1 
3 11 0 15 29 22 
4 6 5 33 25 19 
5 16 22 10 28 0 
6 10 8 0 24 14 
7 27 6 20 2 0 
8 17 9 6 4 28 
9 15 25 12 3 0 
10 4 31 28 33 18 
11 15 23 33 8 21 
12 7 1 18 15 14 
13 32 15 29 1 30 
14 32 13 10 0 17 
15 33 0 16 19 17 
16 33 28 30 2 1 
17 25 31 32 0 5 
18 33 20 0 3 29 
19 1 4 17 8 15 
20 13 3 27 33 17 
21 17 0 31 1 30 
22 14 32 30 25 4 
23 31 28 25 27 7 
24 19 33 9 23 0 
25 26 4 17 8 2 
26 8 17 33 30 24 
27 7 20 6 22 9 
28 7 26 33 3 1 
29 33 27 2 21 17 
30 19 0 16 25 23 
31 4 20 18 33 0 
32 21 15 1 3 23 
33 15 23 17 1 3 
0 3 13 32 27 33 
1 13 16 5 29 26 
2 31 18 22 6 20 
3 2 4 10 14 0 
4 0 31 24 25 16 
5 9 7 11 32 20 
6 12 21 20 32 31 
7 2 26 14 24 8 
8 20 7 24 16 6 
9 31 23 17 1 14 
10 18 15 23 12 2 
11 17 1 19 7 2 
12 3 8 18 32 23 
13 12 30 4 28 27 
14 24 0 28 15 17 
15 30 1 28 22 4 
16 9 11 30 33 28 
17 20 14 13 23 27 
18 13 22 8 0 19 
19 3 2 30 1 8 
20 33 31 30 13 2 
21 25 14 32 12 7 
22 20 9 0 1 28 
23 16 11 31 15 18 
24 16 31 4 10 0 
25 8 30 32 23 29 
26 29 24 13 3 0 
27 2 25 3 5 19 
28 5 6 18 11 2 
29 23 26 1 17 0 
30 11 28 25 8 18 
31 21 23 33 1 13 
32 10 5 26 9 6 
33 4 20 13 1 12 
0 24 17 7 16 33 
1 22 8 0 2 30 
2 7 0 22 32 27 
3 13 1 2 0 15 
4 0 19 27 33 30 
5 0 18 29 21 24 
6 22 12 14 10 4 
7 23 24 31 32 29 
8 26 21 7 22 18 
9 33 13 14 32 7 
10 5 20 30 24 32 
11 0 5 10 4 20 
12 23 15 5 11 0 
13 2 14 20 5 31 
14 13 29 15 32 23 
15 13 29 28 8 2 
16 5 20 1 13 6 
17 28 2 32 9 1 
18 23 30 2 22 11 
19 1 28 7 0 24 
20 18 19 30 6 28 
21 30 18 14 15 16 
22 18 24 28 12 16 
23 26 17 16 31 33 
24 5 18 29 20 14 
25 0 17 33 8 30 
26 24 0 18 22 31 
27 33 11 15 4 17 
28 9 5 18 1 21 
29 8 19 3 31 5 
30 10 27 19 29 33 
31 17 14 30 13 33 
32 18 4 28 15 7 
33 13 15 17 29 23 
0 15 13 10 4 17 
1 32 8 27 16 6 
2 32 13 0 10 5 
3 20 15 18 8 6 
4 28 13 27 33 12 
5 3 6 0 31 13 
6 23 17 27 14 3 
7 11 20 18 4 6 
8 24 25 23 3 31 
9 16 17 25 23 33 
10 19 32 24 22 16 
11 0 19 1 15 5 
12 26 13 32 1 3 
13 22 32 20 4 27 
14 33 3 8 19 9 
15 11 7 3 13 2 
16 12 10 28 27 33 
17 33 31 7 0 18 
18 32 20 13 14 7 
19 1 30 15 22 24 
20 8 10 27 11 0 
21 15 32 27 33 6 
22 29 8 0 10 27 
23 4 10 18 11 7 
24 31 8 20 10 4 
25 28 31 32 21 5 
26 19 1 2 17 0 
27 1 22 32 2 26 
28 5 30 16 6 9 
29 16 5 6 12 24 
30 8 15 32 28 1 
31 3 32 20 10 19 
32 23 10 18 8 16 
33 32 9 26 17 5 
0 19 17 2 9 33 
1 7 0 10 18 33 
2 30 1 21 17 15 
3 10 31 32 17 0 
4 10 8 30 33 25 
5 2 18 17 8 0 
6 28 4 0 5 7 
7 32 2 14 26 19 
8 20 11 29 33 26 
9 17 12 30 18 5 
10 4 0 18 33 20 
11 0 33 13 27 24 
12 0 32 22 18 2 
13 8 32 20 1 17 
14 30 6 25 4 19 
15 25 23 20 1 22 
16 4 6 19 33 10 
17 5 9 33 18 20 
18 16 11 33 28 4 
19 7 0 31 33 27 
20 1 21 5 7 2 
21 1 13 24 27 15 
22 30 33 28 2 17 
23 25 1 6 18 15 
24 27 23 1 16 19 
25 31 30 1 22 33 
26 21 12 8 32 9 
27 8 18 33 15 0 
28 2 24 12 22 16 
29 2 22 33 15 20 
30 4 26 23 18 28 
31 32 19 14 26 5 
32 2 25 23 0 17 
33 14 32 29 7 31 
0 9 33 2 7 23 
1 33 9 2 30 8 
2 15 8 21 1 10 
3 10 23 32 8 26 
4 10 32 26 6 1 
5 29 33 1 30 18 
6 4 29 23 15 32 
7 0 10 31 9 3 
8 17 0 22 32 3 
9 8 32 17 23 16 
10 5 7 26 21 8 
11 16 14 3 1 5 
12 20 33 8 29 26 
13 2 31 25 12 3 
14 8 33 27 23 31 
15 33 14 32 25 24 
16 4 0 10 25 13 
17 0 12 28 26 13 
18 33 29 23 17 1 
19 4 33 23 8 1 
20 11 33 22 28 31 
21 23 4 17 27 33 
22 19 13 1 17 0 
23 32 33 9 5 1 
24 29 10 9 25 22 
25 24 27 0 5 3 
26 33 32 23 17 10 
27 11 24 13 10 6 
28 2 1 22 33 30 
29 8 4 19 0 9 
30 16 26 33 31 19 
31 12 0 26 22 32 
32 1 20 33 13 0 
33 10 29 13 0 17 
